LSTM_OUR_LSTM_FS_final_ETRI_sl7_ll3_pl3_dm512_nh8_el2_dl1_fc1_dtTrue_ep1_Lossmse_regFalse_scalerstandard_0_mv_avgFalse_lamb0.5_hdim50
total (mean) metric:[13.062, 265.898, 0.118, -44.148] 
time metric:[13.396, 278.733, 0.121, -147.636, 13.171, 269.798, 0.119, -69.026, 13.064, 265.727, 0.118, -49.951, 13.01, 263.797, 0.118, -41.612, 12.978, 262.694, 0.118, -36.749, 12.962, 262.111, 0.118, -34.384, 12.952, 261.795, 0.117, -33.228, 12.968, 262.532, 0.118, -31.982] 
top_10_acc:[0.105, 0.103, 0.104, 0.098, 0.1, 0.109, 0.097, 0.098] 
top_1_acc:[0.011, 0.01, 0.01, 0.009, 0.01, 0.011, 0.009, 0.009] 
avg_rank:[93.977, 86.61, 87.225, 87.176, 85.794, 85.22, 84.414, 85.291] 
[mean] top_10_acc:0.102  | top_1_acc:0.01  | mean_avg_rank:86.963 
0.492 0.94 

LSTM_OUR_LSTM_FS_final_ETRI_sl7_ll3_pl3_dm512_nh8_el2_dl1_fc1_dtTrue_ep1_Lossmse_regFalse_scalerstandard_0_mv_avgFalse_lamb0.5_hdim50
total (mean) metric:[13.059, 265.719, 0.118, -44.081] 
time metric:[13.389, 278.424, 0.121, -144.542, 13.157, 269.191, 0.119, -68.644, 13.043, 264.906, 0.118, -48.678, 13.004, 263.617, 0.118, -41.262, 12.981, 262.727, 0.118, -37.294, 12.963, 262.156, 0.118, -34.384, 12.961, 262.07, 0.117, -33.2, 12.971, 262.658, 0.118, -32.393] 
top_10_acc:[0.102, 0.111, 0.105, 0.099, 0.104, 0.101, 0.103, 0.103] 
top_1_acc:[0.012, 0.011, 0.011, 0.009, 0.012, 0.01, 0.012, 0.01] 
avg_rank:[92.342, 87.369, 84.912, 85.632, 84.888, 84.229, 84.573, 84.392] 
[mean] top_10_acc:0.104  | top_1_acc:0.011  | mean_avg_rank:86.042 
0.495 0.943 

LSTM_OUR_LSTM_FS_final_ETRI_sl7_ll3_pl3_dm512_nh8_el2_dl1_fc1_dtTrue_ep1_Lossmse_regFalse_scalerstandard_0_mv_avgFalse_lamb0.5_hdim50
total (mean) metric:[3.672, 24.781, 0.034, 0.908] 
time metric:[3.861, 27.12, 0.036, 0.898, 3.646, 24.463, 0.034, 0.91, 3.596, 23.832, 0.033, 0.914, 3.606, 24.004, 0.033, 0.911, 3.641, 24.369, 0.034, 0.91, 3.711, 25.255, 0.034, 0.904, 3.68, 24.795, 0.034, 0.906, 3.639, 24.411, 0.033, 0.911] 
top_10_acc:[0.963, 0.976, 0.975, 0.973, 0.976, 0.975, 0.973, 0.974] 
top_1_acc:[0.527, 0.582, 0.579, 0.583, 0.583, 0.578, 0.577, 0.581] 
avg_rank:[2.887, 2.55, 2.483, 2.497, 2.463, 2.549, 2.559, 2.512] 
[mean] top_10_acc:0.973  | top_1_acc:0.574  | mean_avg_rank:2.562 
0.708 0.604 

LSTM_OUR_LSTM_FS_final_ETRI_sl7_ll3_pl3_dm512_nh8_el2_dl1_fc1_dtTrue_ep1_Lossmse_regFalse_scalerstandard_0_mv_avgFalse_lamb0.5_hdim50
total (mean) metric:[3.753, 25.654, 0.035, 0.906] 
time metric:[3.977, 28.493, 0.037, 0.889, 3.778, 25.894, 0.035, 0.905, 3.705, 25.031, 0.034, 0.907, 3.692, 24.941, 0.034, 0.91, 3.711, 25.144, 0.034, 0.907, 3.732, 25.307, 0.034, 0.906, 3.693, 24.902, 0.034, 0.913, 3.739, 25.519, 0.035, 0.91] 
top_10_acc:[0.965, 0.969, 0.974, 0.974, 0.97, 0.975, 0.971, 0.972] 
top_1_acc:[0.533, 0.545, 0.554, 0.564, 0.566, 0.574, 0.571, 0.564] 
avg_rank:[2.851, 2.685, 2.529, 2.514, 2.569, 2.514, 2.522, 2.604] 
[mean] top_10_acc:0.971  | top_1_acc:0.559  | mean_avg_rank:2.598 
0.706 0.614 

