LSTM_OUR_LSTM_FS_final_ETRI_sl7_ll3_pl3_dm512_nh8_el2_dl1_fc1_dtTrue_ep1_Lossmse_regFalse_scalerstandard_0_mv_avgFalse_lamb20.0_hdim50
total (mean) metric:[3.756, 25.726, 0.035, 0.904] 
time metric:[4.007, 28.863, 0.037, 0.892, 3.756, 25.639, 0.035, 0.903, 3.694, 24.954, 0.034, 0.907, 3.675, 24.784, 0.034, 0.909, 3.753, 25.71, 0.034, 0.903, 3.679, 24.786, 0.034, 0.909, 3.716, 25.262, 0.034, 0.905, 3.771, 25.807, 0.035, 0.904] 
top_10_acc:[0.952, 0.968, 0.969, 0.97, 0.968, 0.97, 0.967, 0.962] 
top_1_acc:[0.504, 0.556, 0.574, 0.57, 0.549, 0.575, 0.569, 0.566] 
avg_rank:[3.364, 2.872, 2.714, 2.589, 2.772, 2.562, 2.62, 2.801] 
[mean] top_10_acc:0.966  | top_1_acc:0.558  | mean_avg_rank:2.787 
0.773 0.563 

LSTM_OUR_LSTM_FS_final_ETRI_sl7_ll3_pl3_dm512_nh8_el2_dl1_fc1_dtTrue_ep1_Lossmse_regFalse_scalerstandard_0_mv_avgFalse_lamb20.0_hdim50
total (mean) metric:[3.847, 26.755, 0.035, 0.901] 
time metric:[4.143, 30.472, 0.038, 0.885, 3.766, 25.676, 0.035, 0.901, 3.732, 25.412, 0.034, 0.908, 3.819, 26.39, 0.035, 0.904, 3.897, 27.405, 0.036, 0.9, 3.78, 25.927, 0.035, 0.903, 3.768, 25.92, 0.035, 0.908, 3.866, 26.84, 0.035, 0.902] 
top_10_acc:[0.953, 0.969, 0.967, 0.964, 0.961, 0.968, 0.968, 0.964] 
top_1_acc:[0.492, 0.563, 0.575, 0.546, 0.554, 0.571, 0.566, 0.557] 
avg_rank:[3.35, 2.689, 2.769, 2.796, 2.966, 2.648, 2.648, 2.755] 
[mean] top_10_acc:0.964  | top_1_acc:0.553  | mean_avg_rank:2.828 
0.745 0.554 

